FUSELAGEAREA : 2.9845130209103
WETTEDAREA : 6.3095130209103
LoD : 8.53585339264291
